00   28 0  => 28 0
01   36 0  => 36 0
02   43 0  => 43 0
03   48 0  => 48 0
04   52 0  => 52 0
05   55 0  => 55 0
06   57 0  => 57 0
07   60 0  => 60 0
08   28 5  => 28 5
09   36 5  => 36 5
10   43 5  => 43 5
11   48 5  => 48 5
12   52 5  => 52 5
13   55 5  => 55 5
14   36 6  => 36 6
15   28 6  => 28 6
16   62 0  => 62 0
17   64 0  => 64 0
18   66 0  => 66 0
19   67 0  => 67 0
20   68 0  => 68 0
21   70 0  => 70 0
22   68 5  => 68 5
23   67 5  => 67 5
24   57 5  => 57 5
25   60 5  => 60 5
26   62 5  => 62 5
27   64 5  => 64 5
28   62 6  => 62 6
29   60 6  => 60 6
30   57 6  => 57 6
31   55 6  => 55 6
32   43 6  => 43 6
33   48 6  => 48 6
34   52 6  => 52 6
35   55 7  => 55 7
36   52 7  => 52 7
37   48 7  => 48 7
38   43 7  => 43 7
39   36 7  => 36 7
40   66 5  => 66 5
41   64 6  => 64 6
42   62 7  => 62 7  
43   60 7  => 60 7  
44   57 7  => 57 7  
45   55 8  => 55 8  
46   52 8  => 52 8  
47   48 8  => 48 8  
48   52 11 => 52 1  
49   48 11 => 48 1  
50   43 8  => 43 8  
51   36 8  => 36 8  
52   28 7  => 28 7  
53   43 11 => 43 1  
54   36 11 => 36 1  
55   28 8  => 28 8  
56   28 11 => 28 1    
57*  0  3  => 0  3    0  4  => 0  4
58*  5  3  => 5  3    5  4  => 5  4
59*  7  3  => 7  3    7  4  => 7  4
60*  24 3  => 24 3    24 4  => 24 4
61*  36 4  => 36 4    36 5  => 36 5
62*  50 4  => 50 4    50 5  => 50 5
63*  66 4  => 66 4    66 5  => 66 5
64*  36 2  => 36 2    36 3  => 36 3
65*  43 2  => 43 2    43 3  => 43 3
66*  48 2  => 48 2    48 3  => 48 3
67*  60 2  => 60 2    60 3  => 60 3
68*  12 1  => 12 1    12 2  => 12 2
69*  43 1  => 43 1    43 2  => 43 2
70*  60 1  => 60 1    60 2  => 60 2
71*  70 1  => 70 1    70 2  => 70 2
72*  84 4  => 84 4    84 5  => 84 5
              
              
              
              
              
              
              
              
              
              
              
              
              
              
              
              
              
              
              
              
              
              
              
              
              
              
              
              
              
              
              
              
              
              
              
              
              
              
              
              
           =>    
           =>    